 (2 sigma upper bound from Planck + DESI-I for N_\chi = 1)log10Geff, sum_mnu(eV)
1.000000000000000000e+00 4.775581790379651581e-02
9.764705882352942012e-01 4.767173105947774409e-02
9.640770303666077456e-01 4.753452411748511353e-02
9.529411764705884025e-01 4.742065733648807152e-02
9.294117647058826037e-01 4.728873282000930350e-02
9.058823529411768050e-01 4.723357182002940746e-02
8.823529411764701180e-01 4.722290429846978665e-02
8.588235294117643193e-01 4.727391177451866627e-02
8.352941176470585205e-01 4.737824209675806086e-02
8.181353965146092033e-01 4.753452411748511353e-02
8.117647058823527217e-01 4.759896315595179422e-02
7.882352941176469230e-01 4.792799443657671382e-02
7.647058823529411242e-01 4.838338531145374571e-02
7.411764705882353255e-01 4.886028700882283360e-02
7.176470588235295267e-01 4.957103954275222935e-02
6.941176470588237279e-01 5.033603082165073739e-02
6.705882352941179292e-01 5.117815719097480731e-02
6.539620912193276903e-01 5.185584449180194455e-02
6.470588235294112422e-01 5.215953967802176156e-02
6.235294117647054435e-01 5.308353573432032790e-02
5.999999999999996447e-01 5.413092082240110459e-02
5.764705882352938460e-01 5.514609184680875631e-02
5.538417142820175609e-01 5.617716486611876864e-02
5.529411764705881582e-01 5.622165472154715127e-02
5.294117647058822484e-01 5.733630762074679033e-02
5.058823529411764497e-01 5.849109267158898035e-02
4.823529411764706509e-01 5.947740795815288639e-02
4.592339764672360158e-01 6.049848524043559966e-02
4.588235294117648522e-01 6.051718064624516530e-02
4.352941176470590534e-01 6.144189171867666527e-02
4.117647058823532547e-01 6.272833793114319934e-02
3.882352941176465677e-01 6.390097673290787150e-02
3.699025261623754002e-01 6.481980561475242375e-02
3.647058823529407690e-01 6.510405594756694947e-02
3.411764705882349702e-01 6.648528966093272818e-02
3.176470588235291714e-01 6.800831360951865856e-02
2.996926886692699021e-01 6.914112598906925478e-02
2.941176470588233727e-01 6.952120566886409170e-02
2.705882352941175739e-01 7.117755013885650184e-02
2.470588235294117752e-01 7.294726221934560995e-02
2.398513873668096652e-01 7.346244636338608580e-02
2.235294117647059486e-01 7.465673488491567089e-02
2.000000000000001776e-01 7.634731787783829993e-02
1.822016794942515894e-01 7.778376673770291683e-02
1.764705882352943789e-01 7.830546756110493001e-02
1.529411764705885801e-01 8.022464383867508597e-02
1.294184996760494033e-01 8.210508711201973397e-02
1.294117647058818932e-01 8.210564687902366376e-02
1.058823529411760944e-01 8.394485306371411715e-02
8.235294117647029566e-02 8.553228942989712924e-02
6.712279763527562171e-02 8.642640748633656500e-02
5.882352941176448996e-02 8.695605536447142958e-02
3.529411764705869814e-02 8.825101613701019643e-02
1.176470588235289938e-02 8.931889466399887956e-02
-1.176470588235289938e-02 9.007270494328320498e-02
-3.529411764705869814e-02 9.060301509051710278e-02
-4.664490148557354221e-02 9.074772786065339603e-02
-5.882352941176449690e-02 9.091730601712430526e-02
-8.235294117647029566e-02 9.101246778579709373e-02
-1.058823529411760944e-01 9.099716201736164634e-02
-1.294117647058827536e-01 9.076475127486142991e-02
-1.303705482469986188e-01 9.074772786065339603e-02
-1.529411764705885801e-01 9.038880702885213059e-02
-1.764705882352943789e-01 8.997665711883925943e-02
-2.000000000000001776e-01 8.952539646151225217e-02
-2.235294117647059764e-01 8.899411965417372561e-02
-2.470588235294117752e-01 8.847765785297556640e-02
-2.705882352941175739e-01 8.793696660688188338e-02
-2.941176470588233727e-01 8.770108195099146631e-02
-3.176470588235291714e-01 8.750174501362088797e-02
-3.411764705882349702e-01 8.755402740427309372e-02
-3.647058823529416571e-01 8.763676190287308931e-02
-3.882352941176474559e-01 8.812099361473729742e-02
-4.117647058823532547e-01 8.861705348630424806e-02
-4.352941176470590534e-01 8.944662267715747239e-02
-4.588235294117648522e-01 9.005651847930251641e-02
-4.786546364127032271e-01 9.074772786065339603e-02
-4.823529411764706509e-01 9.088714961538038595e-02
-5.058823529411764497e-01 9.170867650015473993e-02
-5.294117647058822484e-01 9.254310505315502255e-02
-5.529411764705880472e-01 9.324491820324599944e-02
-5.764705882352938460e-01 9.372160301898879720e-02
-5.999999999999996447e-01 9.400204155891574154e-02
-6.235294117647063317e-01 9.440781231160595699e-02
-6.470588235294121304e-01 9.482193208486998370e-02
-6.650944771002951228e-01 9.506904823497022705e-02
-6.705882352941179292e-01 9.515130529560772432e-02
-6.941176470588237279e-01 9.554676831143701921e-02
-7.176470588235295267e-01 9.589744593093821323e-02
-7.411764705882353255e-01 9.630321746877240630e-02
-7.647058823529411242e-01 9.667301834719416176e-02
-7.882352941176469230e-01 9.697778975181858829e-02
-8.117647058823527217e-01 9.728960484422075061e-02
-8.352941176470585205e-01 9.753225546610412577e-02
-8.588235294117652074e-01 9.793597229110903579e-02
-8.823529411764710062e-01 9.823051484728949345e-02
-9.058823529411768050e-01 9.844600411559233100e-02
-9.294117647058826037e-01 9.869333221732472239e-02
-9.529411764705884025e-01 9.900039394454956954e-02
-9.713283368487840574e-01 9.939036860928707195e-02
-9.764705882352942012e-01 9.951410409654068423e-02
-1.000000000000000000e+00 1.002181794734464670e-01
-1.023529411764705799e+00 1.012837640138984086e-01
-1.047058823529411598e+00 1.025082334944703299e-01
-1.064750161594064659e+00 1.037116889836038891e-01
-1.070588235294117840e+00 1.041373463458450388e-01
-1.094117647058823639e+00 1.059458340695438594e-01
-1.117647058823529438e+00 1.078680600197158557e-01
-1.119253746496107205e+00 1.080330093579207063e-01
-1.141176470588235237e+00 1.105139175584473749e-01
-1.158018533849777043e+00 1.123543297322375234e-01
-1.164705882352941035e+00 1.131018826558886914e-01
-1.188235294117647278e+00 1.158071633130451916e-01
-1.196330741982289947e+00 1.166756501065543683e-01
-1.211764705882353077e+00 1.183298600150958918e-01
-1.235294117647058876e+00 1.208242384548358778e-01
-1.237044578610530410e+00 1.209969704808711993e-01
-1.258823529411764675e+00 1.231789331140061283e-01
-1.282352941176470473e+00 1.252074622341518007e-01
-1.283773066703835619e+00 1.253182908551880304e-01
-1.305882352941176716e+00 1.270455058128507064e-01
-1.329411764705882515e+00 1.286072541972886063e-01
-1.347466849567861891e+00 1.296396112295048475e-01
-1.352941176470588314e+00 1.299644718647350317e-01
-1.376470588235294112e+00 1.310889031782837555e-01
-1.399999999999999911e+00 1.321179790544862731e-01
-1.423529411764706154e+00 1.329174554874432701e-01
-1.447058823529411953e+00 1.335444957918708875e-01
-1.470210871666788321e+00 1.339609316038216924e-01
-1.470588235294117530e+00 1.339680354290659903e-01
-1.494117647058823550e+00 1.343893034383185359e-01
-1.517647058823529127e+00 1.346028406954294376e-01
-1.541176470588235148e+00 1.347378081382842041e-01
-1.564705882352941391e+00 1.347319812330235456e-01
-1.588235294117647189e+00 1.346035614012383030e-01
-1.611764705882352988e+00 1.343428007769344734e-01
-1.630597876826290316e+00 1.339609316038216924e-01
-1.635294117647058787e+00 1.338704288657237285e-01
-1.658823529411764586e+00 1.333085610788395103e-01
-1.682352941176470829e+00 1.327425072105269388e-01
-1.705882352941176627e+00 1.319803175909931847e-01
-1.729411764705882648e+00 1.309190437473740365e-01
-1.752701562623395271e+00 1.296396112295048475e-01
-1.752941176470588225e+00 1.296281079206694220e-01
-1.776470588235294024e+00 1.283900672896427786e-01
-1.799999999999999822e+00 1.267984697590317511e-01
-1.820018674506908685e+00 1.253182908551880304e-01
-1.823529411764706065e+00 1.250788094343749102e-01
-1.847058823529411864e+00 1.232481990363570451e-01
-1.870588235294117663e+00 1.214805787414036109e-01
-1.876375079274171576e+00 1.209969704808711854e-01
-1.894117647058823461e+00 1.195993999041653905e-01
-1.917647058823529482e+00 1.175594939087311885e-01
-1.928098646041847886e+00 1.166756501065543683e-01
-1.941176470588235503e+00 1.156579789666251912e-01
-1.964705882352941302e+00 1.139047191526727371e-01
-1.986132931754513553e+00 1.123543297322375373e-01
-1.988235294117647101e+00 1.122188688468352263e-01
-2.011764705882352899e+00 1.109595107048788054e-01
-2.035294117647058698e+00 1.097385686673816585e-01
-2.058823529411764941e+00 1.087178375925697826e-01
-2.076190255356653580e+00 1.080330093579207063e-01
-2.082352941176470740e+00 1.078130865065698024e-01
-2.105882352941176539e+00 1.070917684976688405e-01
-2.129411764705882337e+00 1.065394503414439226e-01
-2.152941176470588136e+00 1.061235571441867254e-01
-2.176470588235294379e+00 1.058133264574350890e-01
-2.200000000000000178e+00 1.054608316971757387e-01
-2.223529411764705976e+00 1.051408118361513155e-01
-2.247058823529411775e+00 1.048051586339368568e-01
-2.270588235294117574e+00 1.043177056630569394e-01
-2.294117647058823373e+00 1.037864635502480787e-01
-2.297108820699312215e+00 1.037116889836038891e-01
-2.317647058823529616e+00 1.032638980267408246e-01
-2.341176470588235414e+00 1.027495305730808106e-01
-2.364705882352941213e+00 1.022151518424324612e-01
-2.388235294117647012e+00 1.015228397861712428e-01
-2.411764705882352811e+00 1.009146205200840557e-01
-2.435294117647059053e+00 1.002973480462506506e-01
-2.458823529411764408e+00 9.969376541803919023e-02
-2.470344273591358331e+00 9.939036860928707195e-02
-2.482352941176470651e+00 9.912343452963440216e-02
-2.505882352941176450e+00 9.876081061943034478e-02
-2.529411764705882248e+00 9.837060738614698818e-02
-2.552941176470588047e+00 9.805605872160118308e-02
-2.576470588235294290e+00 9.770935945554520830e-02
-2.600000000000000089e+00 9.732497820814249578e-02
-2.623529411764705443e+00 9.699705348727291621e-02
-2.647058823529411686e+00 9.674370152688707702e-02
-2.670588235294117485e+00 9.659463792302915019e-02
-2.694117647058823728e+00 9.635753508303174231e-02
-2.717647058823529527e+00 9.617720588675607307e-02
-2.741176470588235325e+00 9.601484598847524754e-02
-2.764705882352940680e+00 9.584779115897151813e-02
-2.788235294117646923e+00 9.576871407091470945e-02
-2.811764705882353610e+00 9.579723304217462043e-02
-2.835294117647059409e+00 9.582763881873825051e-02
-2.858823529411764319e+00 9.602481378921409738e-02
-2.882352941176470562e+00 9.631289149687896622e-02
-2.905882352941176805e+00 9.659605895940873155e-02
-2.929411764705882604e+00 9.693722893900473536e-02
-2.952941176470588402e+00 9.729148243686475128e-02
-2.976470588235294201e+00 9.783092478199768849e-02
-3.000000000000000000e+00 9.834411813602172980e-02
-3.023529411764705799e+00 9.888186444938262820e-02
-3.047058823529411598e+00 9.938569920247129763e-02
-3.047285348698929308e+00 9.939036860928705808e-02
-3.070588235294117396e+00 9.993466366051702299e-02
-3.094117647058823639e+00 1.005122889355959809e-01
-3.117647058823529882e+00 1.011502020994124174e-01
-3.141176470588235237e+00 1.017096428185490231e-01
-3.164705882352941479e+00 1.022301329254697716e-01
-3.188235294117647278e+00 1.027635481787976812e-01
-3.211764705882353077e+00 1.032013466699646109e-01
-3.235294117647058876e+00 1.036072127846042884e-01
-3.241652522547160853e+00 1.037116889836038891e-01
-3.258823529411764675e+00 1.040429732683474801e-01
-3.282352941176470473e+00 1.042846810335134183e-01
-3.305882352941176272e+00 1.045182791868531774e-01
-3.329411764705882071e+00 1.046336177050323085e-01
-3.352941176470588758e+00 1.047711018819005580e-01
-3.376470588235294112e+00 1.047882195553261758e-01
-3.399999999999999467e+00 1.048009436409472195e-01
-3.423529411764706154e+00 1.047947144390467544e-01
-3.447058823529411953e+00 1.047830806807673737e-01
-3.470588235294117307e+00 1.048468841274453056e-01
-3.494117647058823994e+00 1.049753820476714145e-01
-3.517647058823529349e+00 1.052212663152023026e-01
-3.541176470588235592e+00 1.054726326876094938e-01
-3.564705882352940947e+00 1.057022204084481776e-01
-3.588235294117647189e+00 1.060238519085702769e-01
-3.611764705882352544e+00 1.064465078114280039e-01
-3.635294117647058787e+00 1.068562102811504155e-01
-3.658823529411765030e+00 1.072991392492638613e-01
-3.682352941176470829e+00 1.077489387840470658e-01
-3.697682611826250021e+00 1.080330093579207063e-01
-3.705882352941176627e+00 1.082089835480075785e-01
-3.729411764705882426e+00 1.087585850420220157e-01
-3.752941176470588225e+00 1.091444025299816573e-01
-3.776470588235294024e+00 1.096031324760279313e-01
-3.799999999999999822e+00 1.099014894954281063e-01
-3.823529411764705621e+00 1.101424038769338032e-01
-3.847058823529411864e+00 1.103422182550384961e-01
-3.870588235294117219e+00 1.105118477051748316e-01
-3.894117647058823461e+00 1.106389407392326385e-01
-3.917647058823529704e+00 1.107595032861739548e-01
-3.941176470588235503e+00 1.109171395746803013e-01
-3.964705882352941302e+00 1.110826689928400002e-01
-3.988235294117647101e+00 1.112287567919287568e-01
-4.011764705882352899e+00 1.114502302607606604e-01
-4.035294117647058698e+00 1.116762880735758939e-01
-4.058823529411764497e+00 1.118564203787119904e-01
-4.082352941176470296e+00 1.120079754714103787e-01
-4.105882352941176094e+00 1.121522420659567254e-01
-4.129411764705881893e+00 1.121546659028555548e-01
-4.152941176470588580e+00 1.121706927036382195e-01
-4.176470588235294379e+00 1.120826568005223317e-01
-4.200000000000000178e+00 1.119205351736869691e-01
-4.223529411764705976e+00 1.117520467901113868e-01
-4.247058823529411775e+00 1.116215277730209510e-01
-4.270588235294117574e+00 1.113877882548906101e-01
-4.294117647058823373e+00 1.110972674203378752e-01
-4.317647058823529171e+00 1.108916710393097055e-01
-4.341176470588234970e+00 1.106533644295514818e-01
-4.364705882352941657e+00 1.104235701760600680e-01
-4.388235294117647456e+00 1.101939420559311655e-01
-4.411764705882353255e+00 1.100475370911555562e-01
-4.435294117647059053e+00 1.098723132229337124e-01
-4.458823529411764852e+00 1.097150637013540042e-01
-4.482352941176470651e+00 1.095533509625530311e-01
-4.505882352941176450e+00 1.093804512812569796e-01
-4.529411764705882248e+00 1.092696183613184602e-01
-4.552941176470588047e+00 1.092045192476136795e-01
-4.576470588235293846e+00 1.093072595717240469e-01
-4.599999999999999645e+00 1.094285237568613650e-01
-4.623529411764705443e+00 1.095627567012868592e-01
-4.647058823529412130e+00 1.097251246066385383e-01
-4.670588235294118817e+00 1.098853849350949485e-01
-4.694117647058822840e+00 1.101339625794672816e-01
-4.717647058823529527e+00 1.103767797936137385e-01
-4.741176470588235325e+00 1.105676682553891899e-01
-4.764705882352941124e+00 1.108134687653453410e-01
-4.788235294117646923e+00 1.109765487207735601e-01
-4.811764705882352722e+00 1.111544941382329732e-01
-4.835294117647058521e+00 1.113656935143711169e-01
-4.858823529411764319e+00 1.115536654954271539e-01
-4.882352941176471006e+00 1.117418974782205948e-01
-4.905882352941176805e+00 1.119971176556073117e-01
-4.929411764705882604e+00 1.122755318970154043e-01
-4.935682964048952570e+00 1.123543297322375373e-01
-4.952941176470588402e+00 1.125870747049439319e-01
-4.976470588235294201e+00 1.129941608644377815e-01
-5.000000000000000000e+00 1.134639832751003913e-01
