 (2 sigma upper bound from Planck + DESI-I for N_\chi = 2)log10Geff, sum_mnu(eV)
-1.131413844555375192e+00 0.000000000000000000e+00
-1.137526636221875886e+00 5.765280312254090871e-03
-1.141176470588235237e+00 8.468390143384296742e-03
-1.144645942889051193e+00 1.153056062450818174e-02
-1.152330602094895351e+00 1.729584093676227174e-02
-1.161733225246508461e+00 2.306112124901636348e-02
-1.164705882352941035e+00 2.466887215460306093e-02
-1.171830191229930485e+00 2.882640156127045522e-02
-1.182579986181411913e+00 3.459168187352454349e-02
-1.188235294117647278e+00 3.718164116417314868e-02
-1.194179267833186842e+00 4.035696218577863870e-02
-1.206307737335360342e+00 4.612224249803273390e-02
-1.211764705882353077e+00 4.843746192959889896e-02
-1.218863938252947365e+00 5.188752281028681523e-02
-1.232071660336521823e+00 5.765280312254091044e-02
-1.235294117647058876e+00 5.893678868330431281e-02
-1.245411224828664842e+00 6.341808343479500565e-02
-1.258823529411764675e+00 6.884399750930111916e-02
-1.259600467114809996e+00 6.918336374704908698e-02
-1.273747270499429707e+00 7.494864405930318219e-02
-1.282352941176470473e+00 7.821111282613346649e-02
-1.288338613896995666e+00 8.071392437155727739e-02
-1.303330319656730962e+00 8.647920468381135872e-02
-1.305882352941176716e+00 8.741894863545053573e-02
-1.317927635968124900e+00 9.224448499606545393e-02
-1.329411764705882515e+00 9.653334907267292764e-02
-1.333080899482287141e+00 9.800976530831954914e-02
-1.348327181016192755e+00 1.037750456205736305e-01
-1.352941176470588314e+00 1.054341063520888577e-01
-1.363968251511710861e+00 1.095403259328277257e-01
-1.376470588235294112e+00 1.138636640728479532e-01
-1.380477948175512504e+00 1.153056062450818209e-01
-1.397767390665750842e+00 1.210708865573359022e-01
-1.399999999999999911e+00 1.217913011686062863e-01
-1.415188986687629269e+00 1.268361668695900113e-01
-1.423529411764706154e+00 1.295202685135757870e-01
-1.432984349357496745e+00 1.326014471818440787e-01
-1.447058823529411953e+00 1.368696086496851427e-01
-1.452094082298547750e+00 1.383667274940981740e-01
-1.470588235294117752e+00 1.437458775913578457e-01
-1.471941668992404306e+00 1.441320078063522692e-01
-1.492617700944309345e+00 1.498972881186063644e-01
-1.494117647058823550e+00 1.503070082390111362e-01
-1.515222075995607875e+00 1.556625684308604596e-01
-1.517647058823529349e+00 1.562554091647041510e-01
-1.539762536620480571e+00 1.614278487431145270e-01
-1.541176470588235148e+00 1.617519707036450261e-01
-1.564705882352941391e+00 1.666203801637629323e-01
-1.567733709788124097e+00 1.671931290553686222e-01
-1.588235294117647189e+00 1.711516839268045487e-01
-1.599211486756746403e+00 1.729584093676227174e-01
-1.611764705882352988e+00 1.750629748836795008e-01
-1.635294117647058787e+00 1.782380208735967198e-01
-1.639534647955421365e+00 1.787236896798768127e-01
-1.658823529411764586e+00 1.810799903021593771e-01
-1.682352941176470829e+00 1.832442095057261189e-01
-1.701757881579847087e+00 1.844889699921308801e-01
-1.705882352941176627e+00 1.847793781777779254e-01
-1.729411764705882426e+00 1.858606557259019909e-01
-1.752941176470588225e+00 1.863933928305441245e-01
-1.776470588235294246e+00 1.863933827265482623e-01
-1.799999999999999822e+00 1.859115550591245447e-01
-1.823529411764706065e+00 1.848142680022931972e-01
-1.828681970999010531e+00 1.844889699921308801e-01
-1.847058823529411864e+00 1.834631341877865640e-01
-1.870588235294117663e+00 1.816022327658841362e-01
-1.894117647058823461e+00 1.792223977087221698e-01
-1.898725412595910322e+00 1.787236896798768127e-01
-1.917647058823529260e+00 1.768321755508163728e-01
-1.941176470588235503e+00 1.740555262236036238e-01
-1.949636496995391877e+00 1.729584093676227174e-01
-1.964705882352941302e+00 1.711147525448287465e-01
-1.988235294117647101e+00 1.680086160892268476e-01
-1.994084127793396721e+00 1.671931290553686222e-01
-2.011764705882352899e+00 1.648797434529991612e-01
-2.035294117647058698e+00 1.616649739159646826e-01
-2.037074925628223454e+00 1.614278487431145548e-01
-2.058823529411764941e+00 1.586794051266170735e-01
-2.080896933769040835e+00 1.556625684308604596e-01
-2.082352941176470740e+00 1.554724742809667493e-01
-2.105882352941176539e+00 1.524870975485201063e-01
-2.124949462611660955e+00 1.498972881186063644e-01
-2.129411764705882337e+00 1.493021946876477157e-01
-2.152941176470588136e+00 1.463448928698347362e-01
-2.169658168752107041e+00 1.441320078063522692e-01
-2.176470588235294379e+00 1.432518961379964928e-01
-2.200000000000000178e+00 1.400909745427981468e-01
-2.213195824750511242e+00 1.383667274940981740e-01
-2.223529411764705976e+00 1.370692596544379471e-01
-2.247058823529411775e+00 1.343735999377551893e-01
-2.262058723147124084e+00 1.326014471818440787e-01
-2.270588235294117574e+00 1.316402921102345913e-01
-2.294117647058823373e+00 1.291628036503169319e-01
-2.314988857045715775e+00 1.268361668695900113e-01
-2.317647058823529616e+00 1.265594910791008887e-01
-2.341176470588235414e+00 1.243126048548862245e-01
-2.364705882352941213e+00 1.220437816172201539e-01
-2.374869398054552327e+00 1.210708865573359022e-01
-2.388235294117647012e+00 1.198757218691230558e-01
-2.411764705882352811e+00 1.179345863806003647e-01
-2.435294117647059053e+00 1.159714339926766896e-01
-2.443803259189395227e+00 1.153056062450818209e-01
-2.458823529411764852e+00 1.142655098325983665e-01
-2.482352941176470651e+00 1.128345597378374865e-01
-2.505882352941176450e+00 1.113181856946506565e-01
-2.529411764705882248e+00 1.100517405077825472e-01
-2.539034095386714984e+00 1.095403259328277257e-01
-2.552941176470588047e+00 1.088703273469060623e-01
-2.576470588235294290e+00 1.078172364697276980e-01
-2.600000000000000089e+00 1.069970760454028863e-01
-2.623529411764705888e+00 1.061436114172104872e-01
-2.647058823529411686e+00 1.054671195886718038e-01
-2.670588235294117485e+00 1.048898023649967870e-01
-2.694117647058823728e+00 1.044550025440676710e-01
-2.717647058823529527e+00 1.041126410205252956e-01
-2.741176470588235325e+00 1.038144407465109165e-01
-2.748523423291032053e+00 1.037750456205736305e-01
-2.764705882352941124e+00 1.036983906134554823e-01
-2.788235294117646923e+00 1.035371160301197524e-01
-2.811764705882353166e+00 1.036904123971298108e-01
-2.821712538936878456e+00 1.037750456205736305e-01
-2.835294117647058965e+00 1.039045407675845689e-01
-2.858823529411764763e+00 1.042023863618138091e-01
-2.882352941176470118e+00 1.046078036220933483e-01
-2.905882352941176361e+00 1.051493797586888490e-01
-2.929411764705882604e+00 1.057803224077961957e-01
-2.952941176470588402e+00 1.065364178519079552e-01
-2.976470588235294201e+00 1.075881814016970833e-01
-3.000000000000000000e+00 1.086099249086399515e-01
-3.018162961986765591e+00 1.095403259328277396e-01
-3.023529411764705799e+00 1.098504904117729164e-01
-3.047058823529411598e+00 1.113739656643705500e-01
-3.070588235294117396e+00 1.129088809170906982e-01
-3.094117647058823639e+00 1.145245711290760193e-01
-3.105677329550832866e+00 1.153056062450818209e-01
-3.117647058823529438e+00 1.162058583628911568e-01
-3.141176470588235237e+00 1.180320133279015998e-01
-3.164705882352941479e+00 1.196126056875732452e-01
-3.186885061654486595e+00 1.210708865573359022e-01
-3.188235294117646834e+00 1.211670831905319878e-01
-3.211764705882352633e+00 1.226673199652104640e-01
-3.235294117647058876e+00 1.240161615620537089e-01
-3.258823529411764675e+00 1.252169192313849488e-01
-3.282352941176470473e+00 1.263140386958122030e-01
-3.296293781726619798e+00 1.268361668695900113e-01
-3.305882352941176272e+00 1.272249640118757741e-01
-3.329411764705882071e+00 1.281638756799850787e-01
-3.352941176470588758e+00 1.289233402610660828e-01
-3.376470588235294112e+00 1.294458647930821493e-01
-3.399999999999999911e+00 1.299820787880155148e-01
-3.423529411764706154e+00 1.303513453557442470e-01
-3.447058823529411953e+00 1.306577650189961193e-01
-3.470588235294117752e+00 1.308814994349625227e-01
-3.494117647058823550e+00 1.310425219504803285e-01
-3.517647058823529349e+00 1.311654884902198615e-01
-3.541176470588235148e+00 1.313715328808838234e-01
-3.564705882352940947e+00 1.315180200104564545e-01
-3.588235294117647189e+00 1.314766128968570535e-01
-3.611764705882352988e+00 1.315992448049065067e-01
-3.635294117647058787e+00 1.317992543277458350e-01
-3.658823529411765030e+00 1.318744703402797702e-01
-3.682352941176470829e+00 1.321059213116956010e-01
-3.705882352941176627e+00 1.323787803069659263e-01
-3.728287379033373483e+00 1.326014471818440787e-01
-3.729411764705882426e+00 1.326145018221507044e-01
-3.752941176470588225e+00 1.328795562451355883e-01
-3.776470588235294024e+00 1.332327678038366381e-01
-3.799999999999999822e+00 1.335624325817809099e-01
-3.823529411764705621e+00 1.339696252072925531e-01
-3.847058823529411420e+00 1.344865232503526242e-01
-3.870588235294117663e+00 1.349311227588410322e-01
-3.894117647058823906e+00 1.354296111251055423e-01
-3.917647058823529704e+00 1.359131022049758220e-01
-3.941176470588235503e+00 1.365036303548235463e-01
-3.964705882352941302e+00 1.369209298819733522e-01
-3.988235294117647101e+00 1.374745322928561664e-01
-4.011764705882352899e+00 1.378312215280291519e-01
-4.035294117647058698e+00 1.381250287925803177e-01
-4.058823529411764497e+00 1.383255976761896822e-01
-4.063479378657741670e+00 1.383667274940981740e-01
-4.082352941176470296e+00 1.385506517667422777e-01
-4.105882352941176094e+00 1.386135111074590365e-01
-4.129411764705881893e+00 1.386883574070889857e-01
-4.152941176470588580e+00 1.387143146018145756e-01
-4.176470588235294379e+00 1.387385952586570603e-01
-4.200000000000000178e+00 1.386835198317897255e-01
-4.223529411764705976e+00 1.386610137349554017e-01
-4.247058823529411775e+00 1.387352901889431778e-01
-4.270588235294117574e+00 1.390332661748190923e-01
-4.294117647058823373e+00 1.393572553503568956e-01
-4.317647058823529171e+00 1.396254400818499886e-01
-4.341176470588235858e+00 1.400442537420528155e-01
-4.364705882352941657e+00 1.405215913879699074e-01
-4.388235294117647456e+00 1.409553465809783579e-01
-4.411764705882353255e+00 1.413987059022209225e-01
-4.435294117647059053e+00 1.419119285599069469e-01
-4.458823529411764852e+00 1.422637619442380652e-01
-4.482352941176470651e+00 1.425406385079429905e-01
-4.505882352941176450e+00 1.427908108726874126e-01
-4.529411764705882248e+00 1.429661227678006574e-01
-4.552941176470588047e+00 1.431200483134349444e-01
-4.576470588235293846e+00 1.431438896468781863e-01
-4.599999999999999645e+00 1.430599929351664135e-01
-4.623529411764705443e+00 1.428598060473858511e-01
-4.647058823529412130e+00 1.426637095949552514e-01
-4.670588235294117929e+00 1.423878543105022154e-01
-4.694117647058823728e+00 1.420881694724914490e-01
-4.717647058823529527e+00 1.417248717670524794e-01
-4.741176470588235325e+00 1.413656979863888719e-01
-4.764705882352940236e+00 1.409371866519462113e-01
-4.788235294117646923e+00 1.406466376910585625e-01
-4.811764705882352722e+00 1.403044418709525898e-01
-4.835294117647059409e+00 1.400169720265496409e-01
-4.858823529411764319e+00 1.397434032772020274e-01
-4.882352941176471006e+00 1.394857335356858574e-01
-4.905882352941176805e+00 1.392700895835046471e-01
-4.929411764705882604e+00 1.390922392849653355e-01
-4.952941176470588402e+00 1.388920849923532541e-01
-4.976470588235294201e+00 1.385771894282570027e-01
-4.990088532720784897e+00 1.383667274940981740e-01
-5.000000000000000000e+00 1.382358248197197992e-01
